400
500
501
502
503
504
505
506
507
508
509
510
511
512
514
515
516
517
518
519
520
521
522
523
524
525
526
527
528
529
530
531
532
533
534
535
536
537
539
540
541
542
543
544
557
558
559
560
561
562
563
567
568
570
571
572
573
574
575
577
579
580
581
582
583
585
586
587
588
590
591
592
593
594
595
596
597
598
599
600
601
603
604
605
606
607
608
609
610
612
613
614
615
616
617
618
619
621
624
625
626
627
630
631
633
634
635
636
650
651
652
653
654
655
657
658
659
660
662
663
664
665
667
668
669
671
672
700
701
702
703
704
705
706
707
708
709
710
711
712
715
716
718
719
720
721
723
724
725
726
727
728
729
730
731
732
733
734
735
736
737
738
739
740
741
742
743
744
746
747
748
750
751
753
755
756
757
758
759
760
761
764
766
768
769
770
771
773
774
775
776
777
778
779
781
783
784
785
787
789
792
793
794
795
796
797
798
799
800
801
802
803
804
805
806
807
808
809
810
811
812
813
814
815
816
817
818
819
820
821
822
823
824
825
826
827
828
829
830
831
832
833
834
835
836
837
838
839
841
842
843
844
845
846
847
848
849
851
852
853
854
855
856
857
858
859
860
861
862
863
864
865
866
867
869
873
874
875
876
877
878
879
880
881
882
883
884
885
886
887
888
890
891
892
894
895
896
898
899
901
902
903
904
905
906
907
908
909
910
911
912
913
914
915
916
917
918
919
920
921
923
927
982
983
984
985
986
